-248.782 71.4798 1.49121 0.037692 0.0403789 -0.0613174 0.402404 0.403225 1.42447
-256.455 78.5225 2.11857 0.0381846 0.0399134 -0.0490435 0.407601 0.404654 1.47736
-256.068 71.1519 1.79302 0.0369561 0.0410535 -0.0793967 0.405588 0.403957 1.46242
-248.91 78.8206 1.73438 0.0489204 -0.0256457 1.24058 0.403087 0.405477 1.45319
-255.744 66.1015 1.3973 0.0387951 0.0393203 -0.03363 0.436456 0.428058 1.41065
-263.222 78.635 2.14454 0.0351204 0.0426343 -0.123271 0.407065 0.405096 1.4809
-263.134 71.1928 1.86736 0.0341465 0.0434182 -0.145915 0.404366 0.401159 1.52075
-270.44 77.759 2.2325 0.0428427 0.047301 -0.0861626 0.405601 0.402224 1.5105
-270.267 70.4316 1.8218 0.0430828 0.0450071 -0.0663846 0.408542 0.406648 1.48727
-277.559 77.3652 2.16185 0.0441703 0.0462761 -0.114742 0.404595 0.401773 1.47666
-277.193 70.0111 1.75345 0.047277 0.042724 -0.0436655 0.409344 0.407384 1.46884
-284.753 77.0931 2.13645 0.0439063 0.0436047 -0.0550719 0.404568 0.402115 1.44713
-284.088 69.704 1.75262 0.0439993 0.0429906 -0.0429157 0.406992 0.405323 1.44992
-291.469 76.8089 2.1536 0.0419927 0.0435263 -0.0431204 0.405682 0.403387 1.46115
-290.926 69.4144 1.80913 0.0440429 0.0424701 -0.00911569 0.406072 0.403976 1.47056
-299.676 76.9036 2.11369 0.0451115 0.0378876 -0.0202445 0.405787 0.402991 1.47221
-299.021 69.7011 1.71649 0.0452137 0.0373152 0.00232509 0.407077 0.405247 1.42807
-313.139 76.2132 2.07148 0.041194 0.0397055 -0.115066 0.419565 0.413792 1.47934
-312.931 69.2302 1.78137 0.0442909 0.038075 -0.047796 0.4173 0.412735 1.51462
-319.497 68.9429 1.89033 0.0451965 0.0387438 -0.0242541 0.408937 0.405605 1.60064
-320.051 75.8754 2.13458 0.0436836 0.0404422 -0.0624707 0.420921 0.415545 1.50398
-319.618 81.2998 2.86613 0.0566156 0.0111135 0.521359 0.433665 0.428281 2.2003
-326.697 75.6637 2.14029 0.0446644 0.0394928 -0.00142619 0.408231 0.406572 1.48502
-326.221 68.6013 1.99743 0.0436485 0.0428159 -0.0638953 0.409179 0.404631 1.69714
-325.894 80.9081 2.78705 0.0585536 -0.0125533 0.94693 0.431273 0.426159 2.10092
-326.864 56.471 1.3475 0.0576693 0.0181557 0.571611 0.423927 0.415404 1.77881
-327.322 47.5589 1.61584 0.0291148 -0.0106718 1.43373 0.413541 0.409673 1.77585
-327.775 36.5823 1.33516 0.0299959 -0.0158045 1.55585 0.422489 0.416078 1.49212
-327.682 24.3827 1.60478 0.0302083 -0.0213436 1.65106 0.411632 0.406944 1.78419
-320.53 14.273 1.89617 0.0323617 -0.0183232 1.55235 0.408972 0.402155 2.28937
-306.882 27.8679 2.08637 -0.0318709 -0.00789256 2.50043 0.414863 0.40941 1.69822
-304.36 19.1306 1.77085 -0.0416594 0.00962666 3.00527 0.414088 0.409434 1.64412
-296.763 24.2654 1.78323 -0.0301839 0.00792139 -3.00729 0.409478 0.40748 1.65706
-288.998 17.3891 1.35427 -0.0317656 0.00512201 3.10098 0.407695 0.405613 1.38945
-280.368 24.802 1.63943 -0.0310816 0.00524995 3.07574 0.402334 0.399146 1.43116
-272.895 17.9987 1.35954 -0.0353274 0.0003545 3.05097 0.404074 0.400154 1.43878
-259.242 25.4742 1.7836 -0.0344272 0.00398251 3.10055 0.407136 0.403769 1.56953
-251.802 18.8115 2.00435 -0.0353726 -0.00207717 3.04363 0.419021 0.410427 2.08429
-238.514 26.5256 1.88152 -0.0449179 0.0020525 3.10632 0.407477 0.403685 1.61859
-242.949 33.2938 2.13864 -0.0463865 0.0491715 -2.52427 0.404763 0.403242 1.46715
-242.534 46.3412 2.49111 -0.0289616 0.0681197 -1.83168 0.416359 0.411886 1.47573
-242.596 58.324 2.35122 -0.0206786 0.0634213 -1.67248 0.41422 0.410127 1.47086
-248.782 71.4798 1.49121 0.037692 0.0403789 -0.0613174 0.402404 0.403225 1.42447
-256.455 78.5225 2.11857 0.0381846 0.0399134 -0.0490435 0.407601 0.404654 1.47736
-256.068 71.1519 1.79302 0.0369561 0.0410535 -0.0793967 0.405588 0.403957 1.46242
-248.91 78.8206 1.73438 0.0489204 -0.0256457 1.24058 0.403087 0.405477 1.45319
-255.744 66.1015 1.3973 0.0387951 0.0393203 -0.03363 0.436456 0.428058 1.41065
-263.222 78.635 2.14454 0.0351204 0.0426343 -0.123271 0.407065 0.405096 1.4809
-263.134 71.1928 1.86736 0.0341465 0.0434182 -0.145915 0.404366 0.401159 1.52075
-270.44 77.759 2.2325 0.0428427 0.047301 -0.0861626 0.405601 0.402224 1.5105
-270.267 70.4316 1.8218 0.0430828 0.0450071 -0.0663846 0.408542 0.406648 1.48727
-277.559 77.3652 2.16185 0.0441703 0.0462761 -0.114742 0.404595 0.401773 1.47666
-277.193 70.0111 1.75345 0.047277 0.042724 -0.0436655 0.409344 0.407384 1.46884
-284.753 77.0931 2.13645 0.0439063 0.0436047 -0.0550719 0.404568 0.402115 1.44713
-284.088 69.704 1.75262 0.0439993 0.0429906 -0.0429157 0.406992 0.405323 1.44992
-291.469 76.8089 2.1536 0.0419927 0.0435263 -0.0431204 0.405682 0.403387 1.46115
-290.926 69.4144 1.80913 0.0440429 0.0424701 -0.00911569 0.406072 0.403976 1.47056
-299.676 76.9036 2.11369 0.0451115 0.0378876 -0.0202445 0.405787 0.402991 1.47221
-299.021 69.7011 1.71649 0.0452137 0.0373152 0.00232509 0.407077 0.405247 1.42807
-313.139 76.2132 2.07148 0.041194 0.0397055 -0.115066 0.419565 0.413792 1.47934
-312.931 69.2302 1.78137 0.0442909 0.038075 -0.047796 0.4173 0.412735 1.51462
-319.497 68.9429 1.89033 0.0451965 0.0387438 -0.0242541 0.408937 0.405605 1.60064
-320.051 75.8754 2.13458 0.0436836 0.0404422 -0.0624707 0.420921 0.415545 1.50398
-319.618 81.2998 2.86613 0.0566156 0.0111135 0.521359 0.433665 0.428281 2.2003
-326.697 75.6637 2.14029 0.0446644 0.0394928 -0.00142619 0.408231 0.406572 1.48502
-326.221 68.6013 1.99743 0.0436485 0.0428159 -0.0638953 0.409179 0.404631 1.69714
-325.894 80.9081 2.78705 0.0585536 -0.0125533 0.94693 0.431273 0.426159 2.10092
-326.864 56.471 1.3475 0.0576693 0.0181557 0.571611 0.423927 0.415404 1.77881
-327.322 47.5589 1.61584 0.0291148 -0.0106718 1.43373 0.413541 0.409673 1.77585
-327.775 36.5823 1.33516 0.0299959 -0.0158045 1.55585 0.422489 0.416078 1.49212
-327.682 24.3827 1.60478 0.0302083 -0.0213436 1.65106 0.411632 0.406944 1.78419
-320.53 14.273 1.89617 0.0323617 -0.0183232 1.55235 0.408972 0.402155 2.28937
-306.882 27.8679 2.08637 -0.0318709 -0.00789256 2.50043 0.414863 0.40941 1.69822
-304.36 19.1306 1.77085 -0.0416594 0.00962666 3.00527 0.414088 0.409434 1.64412
-296.763 24.2654 1.78323 -0.0301839 0.00792139 -3.00729 0.409478 0.40748 1.65706
-288.998 17.3891 1.35427 -0.0317656 0.00512201 3.10098 0.407695 0.405613 1.38945
-280.368 24.802 1.63943 -0.0310816 0.00524995 3.07574 0.402334 0.399146 1.43116
-272.895 17.9987 1.35954 -0.0353274 0.0003545 3.05097 0.404074 0.400154 1.43878
-259.242 25.4742 1.7836 -0.0344272 0.00398251 3.10055 0.407136 0.403769 1.56953
-251.802 18.8115 2.00435 -0.0353726 -0.00207717 3.04363 0.419021 0.410427 2.08429
-238.514 26.5256 1.88152 -0.0449179 0.0020525 3.10632 0.407477 0.403685 1.61859
-242.949 33.2938 2.13864 -0.0463865 0.0491715 -2.52427 0.404763 0.403242 1.46715
-242.534 46.3412 2.49111 -0.0289616 0.0681197 -1.83168 0.416359 0.411886 1.47573
-242.596 58.324 2.35122 -0.0206786 0.0634213 -1.67248 0.41422 0.410127 1.47086
