-76.0988 81.6845 1.83004 0.0434482 0.0616897 0.0718303 0.406153 0.405287 1.56839
-83.0366 81.339 2.60143 0.0407239 0.0635198 0.028293 0.409416 0.401724 1.90319
-97.2293 80.4913 2.41037 0.0325194 0.0664657 -0.0890674 0.404842 0.399231 1.66883
-105.031 87.2796 2.49489 0.0299906 0.0628113 -0.0795102 0.407831 0.405597 1.52278
-104.667 79.9604 2.14891 0.0324249 0.0610446 -0.034181 0.40404 0.401441 1.46891
-111.763 79.5482 2.08146 0.0333566 0.061343 -0.0604756 0.402488 0.399891 1.43111
-112.274 86.8211 2.37123 0.0356819 0.0600213 -0.0221373 0.404448 0.402667 1.42088
-119.388 86.3719 2.44871 0.0275776 0.0625956 0.0100609 0.408131 0.406149 1.45824
-118.897 79.1511 2.24617 0.0280382 0.0620548 0.0183535 0.405092 0.402348 1.49789
-126.219 78.6582 2.15699 0.0300349 0.0557034 0.00325541 0.403624 0.400369 1.4938
-126.546 85.9446 2.40404 0.0298882 0.0548798 0.0382332 0.407762 0.405166 1.5254
-125.915 73.2956 1.58858 0.0301968 0.0563786 -0.0321726 0.420262 0.415123 1.36105
-140.54 77.7638 2.16037 0.0353645 0.0579192 -0.0319053 0.404155 0.400435 1.51984
-141.003 85.0768 2.42657 0.0382171 0.0560791 0.0181575 0.408122 0.405603 1.48721
-155.072 76.8298 2.07425 0.0416123 0.0516521 0.00100128 0.405576 0.402524 1.51987
-163.043 83.7129 2.28504 0.0385407 0.0476573 -0.00847031 0.410138 0.407925 1.48754
-177.423 75.5309 2.0831 0.0445981 0.0542725 0.00865488 0.403428 0.399865 1.48586
-185.543 82.3836 2.35762 0.0421613 0.0523703 -0.0178922 0.415784 0.411619 1.45787
-192.583 74.6038 2.107 0.0460435 0.0590873 -0.107924 0.403114 0.398176 1.53923
-200.476 81.4776 2.40199 0.0423382 0.0594471 -0.191154 0.406916 0.404136 1.51581
-207.697 73.7391 1.95151 0.0381887 0.0562017 -0.144424 0.405398 0.403058 1.47293
-215.278 80.6141 2.26517 0.0404019 0.0524791 -0.0926806 0.404521 0.401743 1.4765
-221.895 72.9451 1.87861 0.0357873 0.0490204 -0.0717608 0.403511 0.400847 1.4684
-229.669 79.7768 1.97387 0.0370432 0.0455644 -0.0564911 0.404084 0.401859 1.45867
-236.353 72.0994 1.71079 0.0384584 0.0459117 -0.0515859 0.405706 0.402503 1.46882
-244.289 65.4487 1.29409 0.0241972 0.0530689 -0.42521 0.422746 0.417232 1.38501
-251.091 78.5397 2.15086 0.0395743 0.0425277 -0.0449715 0.405574 0.403405 1.45653
-258.064 70.8119 1.92899 0.0398816 0.0510034 -0.120628 0.404366 0.401159 1.52075
-265.618 77.6763 2.24968 0.0384397 0.0487217 -0.0900831 0.405601 0.402224 1.5105
-272.446 69.9464 1.78996 0.0405882 0.0423766 -0.0558116 0.409344 0.407384 1.46884
-280.108 76.9274 2.11259 0.0404052 0.0422143 -0.065916 0.404568 0.402115 1.44713
-295.51 76.0484 2.15347 0.0403291 0.0413411 -0.00560553 0.405787 0.402991 1.47221
-309.699 75.1625 2.17342 0.0400016 0.0467373 -0.117022 0.419565 0.413792 1.47934
-317.223 80.0985 2.77032 0.0497762 0.00596414 0.515929 0.433665 0.428281 2.2003
-324.275 67.3614 1.82849 0.0402025 0.0284294 -0.0689401 0.409179 0.404631 1.69714
-330.78 61.447 1.9278 0.0375732 0.0168359 0.317023 0.428283 0.420352 2.00634
-330.374 49.007 1.80935 -0.0287996 0.00226775 1.36123 0.413541 0.409673 1.77585
-329.734 38.1283 1.52173 -0.0298308 0.00719355 1.54749 0.422489 0.416078 1.49212
-329 25.4555 1.79758 -0.0263208 0.00861044 1.64742 0.411632 0.406944 1.78419
-321.182 13.3328 2.51441 -0.0331477 0.00650625 1.56009 0.408972 0.402155 2.28937
-327.968 7.31529 1.31004 -0.0300417 0.0226715 2.13185 0.435317 0.427024 1.40171
-307.069 20.8886 3.00814 -0.0797548 0.0406376 2.21672 0.414863 0.40941 1.69822
-292.596 21.559 2.74061 -0.04758 0.0797831 3.13279 0.401643 0.398254 1.43795
-284.288 21.9891 2.74018 -0.0486438 0.0778876 3.08275 0.402334 0.399146 1.43116
-276.777 15.3289 2.49171 -0.0531884 0.0794403 3.04711 0.40665 0.404663 1.43891
-262.811 23.0466 2.94972 -0.0547316 0.0820814 3.09694 0.407136 0.403769 1.56953
-255.224 16.5333 2.90669 -0.0611161 0.0721967 3.04041 0.419021 0.410427 2.08429
-248.289 23.9729 2.34878 -0.061618 0.0620635 3.04282 0.409154 0.4083 1.64328
-241.344 30.0275 2.77879 -0.098022 -0.0136427 2.08189 0.44648 0.433287 1.47232
-241.82 42.3033 3.01197 0.00105217 0.105578 -1.84484 0.416359 0.411886 1.47573
-242.404 53.171 2.86558 0.018565 0.0947689 -1.66063 0.41422 0.410127 1.47086
