1647057184.794460000 -71.1678 85.0465 0 0.0350596 0.00640745 0.714439 0.698789
1647057184.894500000 -71.3303 85.0208 0 0.0348445 0.00376987 0.715414 0.697822
1647057184.994541000 -71.5356 85.0351 0 0.0349138 0.00423309 0.713755 0.699512
1647057185.094582000 -71.738 85.0223 0 0.0346868 0.00441285 0.713167 0.700121
1647057185.194623000 -71.868 85.0182 0 0.0338178 0.00580287 0.711062 0.702291
1647057185.294664000 -72.0714 85.0048 0 0.0340802 0.00638316 0.710228 0.703118
1647057185.394705000 -72.2824 84.9973 0 0.0340983 0.0060871 0.709551 0.703802
1647057185.494745000 -72.4408 84.9891 0 0.0339865 0.00686391 0.708628 0.704729
1647057185.594789000 -72.6478 84.9807 0 0.0372558 0.00677382 0.707735 0.705462
1647057185.694834000 -72.8836 84.9726 0 0.0392115 -0.000139693 0.705326 0.707798
1647057185.794879000 -73.0416 84.9635 0 0.03876 -0.000306776 0.705577 0.707572
1647057185.894925000 -73.2812 84.9561 0 0.0371162 0.000220485 0.705173 0.708063
1647057185.994971000 -73.4958 84.9529 0 0.0358628 -0.00301401 0.704537 0.708755
1647057186.095016000 -73.671 84.9432 0 0.0356298 -0.00289739 0.704462 0.708841
1647057186.195062000 -73.8897 84.9366 0 0.0359618 -0.00251586 0.703965 0.709319
1647057186.295107000 -74.1069 84.9256 0 0.0395283 0.0019482 0.703046 0.710042
1647057186.395154000 -74.2726 84.9158 0 0.038052 0.00313758 0.703946 0.709227
1647057186.495199000 -74.4974 84.9092 0 0.0389326 0.00228388 0.703244 0.709878
1647057186.595244000 -74.7308 84.9009 0 0.0414637 0.00136904 0.702606 0.710369
1647057186.695287000 -74.9173 84.8923 0 0.0374891 0.00269211 0.703566 0.709635
1647057186.795331000 -75.132 84.8827 0 0.0426741 0.00104953 0.702677 0.710227
1647057186.895374000 -75.4438 84.8731 0 0.0376255 0.00322053 0.704039 0.709157
1647057186.995419000 -75.5285 84.8685 0 0.042732 0.00239703 0.702958 0.709943
1647057187.095461000 -75.8704 84.8645 0 0.0384322 0.00135848 0.702422 0.710721
1647057187.195506000 -76.1112 84.8561 0 0.0399834 0.00160239 0.702045 0.711008
1647057187.295549000 -76.2491 84.8572 0 0.0361331 0.00730697 0.701575 0.711641
1647057187.395593000 -76.5065 84.8412 0 0.039334 0.00126645 0.702088 0.711002
1647057187.495636000 -76.7188 84.8448 0 0.0441714 6.5936e-05 0.700457 0.712327
1647057187.595682000 -76.9077 84.8385 0 0.0373958 -0.0012269 0.701187 0.711995
1647057187.695727000 -77.1345 84.8365 0 0.0380041 0.000382288 0.700515 0.712625
1647057187.795774000 -77.4789 84.8249 0 0.0400481 -0.00185369 0.700969 0.712064
1647057187.895820000 -77.5475 84.8276 0 0.0465149 -0.00442611 0.698614 0.713972
1647057187.995867000 -77.8777 84.8208 0 0.0356718 -0.000307835 0.700263 0.712993
1647057188.095913000 -78.1013 84.8103 0 0.0342767 0.00823096 0.699194 0.714062
1647057188.162610000 -78.2662 84.807 0 0.0374774 0.00404052 0.699865 0.71328
1647057188.296005000 -78.5425 84.8005 0 0.0330749 0.00988441 0.699203 0.714089
1647057188.396052000 -78.9503 84.8095 0 0.0277532 -0.0208122 0.704999 0.70836
1647057188.496098000 -79.0638 84.7936 0 0.02965 -0.0224174 0.702769 0.710446
1647057188.596144000 -79.3787 84.8056 0 0.0307422 -0.0241418 0.706139 0.706993
1647057188.696189000 -79.7071 84.7549 0 0.045806 -0.00899225 0.701106 0.711527
1647057188.796235000 -79.8182 84.7534 0 0.0449689 -0.00472529 0.698343 0.714333
1647057188.896279000 -80.1105 84.7484 0 0.0390984 0.00201027 0.700949 0.712136
1647057188.996325000 -80.4133 84.7448 0 0.0442531 -0.00500304 0.698351 0.714369
1647057189.096369000 -80.5473 84.7362 0 -0.00865693 0.00648575 0.705107 0.709018
1647057189.196415000 -80.8655 84.7248 0 -0.00822798 0.00622272 0.703063 0.711053
1647057189.296460000 -81.1335 84.7236 0 -0.00683822 0.00452911 0.70367 0.71048
1647057189.396505000 -81.2636 84.7258 0 -0.00740297 0.00557875 0.700922 0.713177
1647057189.496550000 -81.5177 84.7303 0 -0.00793781 0.00820745 0.700554 0.713508
1647057189.596595000 -81.8407 84.7453 0 0.0376873 -0.00662822 0.696744 0.716299
1647057189.696637000 -82.0332 84.738 0 0.0235796 -0.0119093 0.698225 0.715391
1647057189.796681000 -82.2925 84.7359 0 0.0356958 -0.0311304 0.697763 0.714762
1647057189.896723000 -82.6484 84.7275 0 0.041127 -0.0353453 0.697594 0.714438
1647057189.963418000 -82.7498 84.7442 0 0.0356247 -0.0328356 0.700693 0.711816
1647057190.096809000 -83.1171 84.7348 0 0.0347786 -0.0317875 0.701993 0.710624
1647057190.196852000 -83.3603 84.7271 0 0.0348858 -0.0303705 0.700388 0.712262
1647057190.263548000 -83.5339 84.7227 0 0.0380454 -0.0313125 0.700381 0.712067
1647057190.396938000 -83.8632 84.7154 0 0.0425039 -0.0326155 0.698 0.714091
1647057190.496981000 -84.1397 84.7047 0 0.0384795 -0.0328143 0.699697 0.712648
1647057190.597024000 -84.3195 84.7025 0 0.0378344 -0.0320959 0.700251 0.712171
1647057190.697066000 -84.6777 84.704 0 0.0407207 -0.0321879 0.699049 0.713187
1647057190.797109000 -84.9737 84.6972 0 -0.0094356 0.0144292 0.704113 0.709879
1647057190.863805000 -85.185 84.6969 0 -0.00807598 0.0089108 0.704412 0.709689
1647057190.997195000 -85.5643 84.6865 0 -0.016544 0.0156231 0.704622 0.709218
1647057191.097237000 -85.8258 84.6896 0 0.0271338 -0.0274045 0.703202 0.709944
1647057191.197280000 -85.9669 84.6695 0 0.0352099 -0.0287675 0.702117 0.710608
1647057191.297322000 -86.2885 84.6658 0 0.0275195 0.0115625 0.700027 0.713493
1647057191.397365000 -86.5572 84.652 0 0.039247 -0.0269088 0.700002 0.712554
1647057191.497407000 -86.7921 84.6418 0 0.03573 -0.0256505 0.701849 0.710966
1647057191.597450000 -87.171 84.6363 0 0.0362942 -0.0276325 0.70483 0.707908
1647057191.697494000 -87.5151 84.6302 0 0.0374517 -0.0254972 0.704504 0.708252
1647057191.797539000 -87.6169 84.6469 0 0.0409446 -0.0392035 0.706931 0.705007
1647057191.897583000 -87.9065 84.6201 0 0.0408083 -0.026698 0.702635 0.709877
1647057191.997627000 -88.1697 84.6152 0 0.0351601 -0.0263829 0.702661 0.710165
1647057192.097671000 -88.3496 84.6078 0 0.0352167 -0.0258084 0.702102 0.710737
1647057192.197716000 -88.5903 84.6022 0 0.0345981 -0.0236332 0.701728 0.711212
1647057192.297759000 -88.9198 84.5937 0 0.0355937 -0.0205578 0.702484 0.710511
1647057192.397804000 -89.1098 84.5933 0 0.0367792 -0.0210954 0.703726 0.709205
1647057192.497848000 -89.5103 84.5937 0 0.0390422 -0.020108 0.705051 0.707795
1647057192.597905000 -89.7706 84.5708 0 0.0256179 0.00713376 0.704884 0.708824
1647057192.665376000 -89.9478 84.53 0 0.0302192 0.0119093 0.703095 0.710354
1647057192.800347000 -90.3351 84.5601 0 0.0239481 0.00424294 0.70661 0.707186
1647057192.901601000 -90.6463 84.5705 0 0.036016 -0.0374005 0.710156 0.702127
1647057192.969116000 -90.8227 84.5561 0 0.0370366 -0.0388041 0.710091 0.702063
1647057193.104176000 -91.1965 84.5339 0 0.0377355 -0.0389029 0.710071 0.702042
1647057193.205498000 -91.4506 84.5185 0 0.039178 -0.0369221 0.708801 0.703352
1647057193.273058000 -91.6304 84.5108 0 0.0402914 -0.0375796 0.708566 0.703491
1647057193.374416000 -92.0086 84.4979 0 0.0395571 -0.035957 0.70955 0.702625
1647057193.509595000 -92.4113 84.4926 0 0.0396465 -0.0376856 0.710804 0.70126
1647057193.577200000 -92.6029 84.4825 0 0.0369654 -0.0374133 0.711189 0.701031
1647057193.677964000 -92.8189 84.4625 0 0.0383622 -0.0384607 0.709947 0.702157
1647057193.812764000 -93.1084 84.4218 0 0.0392671 0.00250177 0.704939 0.708176
1647057193.880177000 -93.1801 84.4171 0 0.0390592 0.00344783 0.704392 0.708727
1647057193.981312000 -93.567 84.4018 0 0.0325992 0.00643238 0.705572 0.707858
1647057184.994541000 -71.5356 85.0351 0 0.0349138 0.00423308 0.713755 0.699512
1647057185.094582000 -71.738 85.0224 0 0.0346867 0.00441287 0.713167 0.700121
1647057185.194623000 -71.8681 85.0182 0 0.0338178 0.00580287 0.711062 0.702291
1647057185.294664000 -72.0714 85.0048 0 0.0340802 0.00638318 0.710228 0.703118
1647057185.394705000 -72.2824 84.9973 0 0.0340982 0.00608709 0.709551 0.703802
1647057185.494745000 -72.4408 84.9891 0 0.0339865 0.00686389 0.708628 0.70473
1647057185.594789000 -72.6476 84.9811 0 0.0372506 0.00675319 0.707754 0.705444
1647057185.694834000 -72.8836 84.9727 0 0.0392115 -0.000139682 0.705326 0.707798
1647057185.794879000 -73.0415 84.9635 0 0.03876 -0.000306792 0.705577 0.707573
1647057185.894925000 -73.2812 84.9561 0 0.0371162 0.000220476 0.705173 0.708063
1647057185.994971000 -73.4958 84.953 0 0.0358628 -0.00301398 0.704537 0.708755
1647057186.095016000 -73.671 84.9432 0 0.0356298 -0.0028974 0.704462 0.708841
1647057186.195062000 -73.8897 84.9366 0 0.0359618 -0.00251579 0.703966 0.709319
1647057186.295107000 -74.1068 84.9255 0 0.0395283 0.00194822 0.703047 0.710042
1647057186.395154000 -74.2726 84.9158 0 0.038052 0.00313759 0.703946 0.709227
1647057186.495199000 -74.4974 84.9092 0 0.0389326 0.00228387 0.703245 0.709878
1647057186.595244000 -74.7308 84.9009 0 0.0414637 0.00136902 0.702606 0.710369
1647057186.695287000 -74.9173 84.8923 0 0.0374891 0.0026921 0.703566 0.709635
1647057186.795331000 -75.132 84.8826 0 0.0426741 0.00104954 0.702677 0.710227
1647057186.895374000 -75.4438 84.8731 0 0.0376256 0.00322054 0.704039 0.709157
1647057186.995419000 -75.5285 84.8684 0 0.0427322 0.00239705 0.702958 0.709943
1647057187.095461000 -75.8675 84.8643 0 0.0386135 0.00221532 0.702357 0.710773
1647057187.195506000 -76.1111 84.8561 0 0.0399835 0.0016024 0.702044 0.711008
1647057187.295549000 -76.2491 84.8572 0 0.0361331 0.00730696 0.701575 0.711641
1647057187.395593000 -76.5065 84.8412 0 0.039334 0.00126645 0.702088 0.711002
1647057187.495636000 -76.7188 84.8448 0 0.0441713 6.596e-05 0.700457 0.712327
1647057187.595682000 -76.9077 84.8384 0 0.0373958 -0.00122685 0.701187 0.711995
1647057187.695727000 -77.1345 84.8365 0 0.0380041 0.000382313 0.700515 0.712625
1647057187.795774000 -77.4789 84.8249 0 0.0400481 -0.00185366 0.700969 0.712064
1647057187.895820000 -77.5475 84.8277 0 0.0465149 -0.00442612 0.698614 0.713972
1647057187.995867000 -77.8777 84.8208 0 0.0356717 -0.00030782 0.700263 0.712993
1647057188.095913000 -78.1012 84.8103 0 0.0342767 0.00823098 0.699194 0.714062
1647057188.162610000 -78.2662 84.807 0 0.0374774 0.00404051 0.699865 0.71328
1647057188.296005000 -78.5425 84.8004 0 0.0330749 0.00988432 0.699203 0.714089
1647057188.396052000 -78.9503 84.8095 0 0.0277533 -0.0208123 0.704998 0.70836
1647057188.496098000 -79.0638 84.7936 0 0.02965 -0.0224173 0.702769 0.710446
1647057188.596144000 -79.3787 84.8056 0 0.0307422 -0.0241418 0.706139 0.706993
1647057188.696189000 -79.7071 84.755 0 0.045806 -0.00899228 0.701106 0.711527
1647057188.796235000 -79.8182 84.7534 0 0.0449689 -0.00472526 0.698343 0.714333
1647057188.896279000 -80.1105 84.7484 0 0.0390983 0.0020103 0.700949 0.712137
1647057188.996325000 -80.4133 84.7448 0 0.0442531 -0.00500306 0.698351 0.714368
1647057189.096369000 -80.5473 84.7361 0 -0.00865692 0.00648574 0.705107 0.709018
1647057189.196415000 -80.8655 84.7248 0 -0.008228 0.00622274 0.703063 0.711053
1647057189.296460000 -81.1335 84.7236 0 -0.00683823 0.00452912 0.70367 0.71048
1647057189.396505000 -81.2637 84.7258 0 -0.00740297 0.00557875 0.700922 0.713177
1647057189.496550000 -81.5177 84.7303 0 -0.00793782 0.00820746 0.700554 0.713508
1647057189.596595000 -81.8407 84.7453 0 0.0376873 -0.0066282 0.696744 0.716299
1647057189.696637000 -82.0332 84.738 0 0.0235796 -0.0119094 0.698224 0.715391
1647057189.796681000 -82.2925 84.7359 0 0.0356958 -0.0311305 0.697763 0.714761
1647057189.896723000 -82.6484 84.7274 0 0.0411269 -0.0353452 0.697594 0.714438
1647057189.963418000 -82.7498 84.7442 0 0.0356246 -0.0328355 0.700693 0.711816
1647057190.096809000 -83.1171 84.7348 0 0.0347786 -0.0317875 0.701993 0.710624
1647057190.196852000 -83.3603 84.7271 0 0.0348859 -0.0303705 0.700388 0.712262
1647057190.263548000 -83.5339 84.7227 0 0.0380455 -0.0313125 0.70038 0.712067
1647057190.396938000 -83.8632 84.7154 0 0.042504 -0.0326156 0.697999 0.714091
1647057190.496981000 -84.1397 84.7047 0 0.0384795 -0.0328143 0.699697 0.712648
1647057190.597024000 -84.3195 84.7025 0 0.0378344 -0.0320958 0.700251 0.712171
1647057190.697066000 -84.6777 84.704 0 0.0407207 -0.0321879 0.699049 0.713187
1647057190.797109000 -84.9737 84.6972 0 -0.0094356 0.0144292 0.704113 0.709879
1647057190.863805000 -85.185 84.6969 0 -0.00807601 0.00891081 0.704412 0.709689
1647057190.997195000 -85.5643 84.6865 0 -0.016544 0.0156231 0.704622 0.709218
1647057191.097237000 -85.8258 84.6896 0 0.0271338 -0.0274045 0.703202 0.709944
1647057191.197280000 -85.9669 84.6695 0 0.0352099 -0.0287675 0.702117 0.710608
1647057191.297322000 -86.2885 84.6658 0 0.0275194 0.0115627 0.700027 0.713492
1647057191.397365000 -86.5572 84.652 0 0.0392472 -0.026909 0.700002 0.712553
