-0.50907 12.5768 2.21561 -0.00869682 0.0308582 -1.50581 0.551952 0.508129 1.9621
-10.4153 15.13 2.39549 -0.0527328 0.0506429 -2.2123 0.43869 0.411583 1.48828
-4.5786 15.5788 1.98015 -0.000262554 0.0661086 -1.46131 0.351221 0.337055 1.2775
-6.11817 17.7431 2.03357 0.0127982 0.0720176 -1.22355 0.346969 0.330391 1.14091
-6.7732 21.635 2.23845 0.0211861 0.0696621 -1.16174 0.334313 0.316282 1.16244
-7.81636 23.5176 2.27086 0.0309336 0.068091 -0.985088 0.354712 0.356167 1.04047
1.20635 22.1424 2.46686 -0.0145735 0.0761005 -1.59237 0.384542 0.384496 1.44988
-6.72252 31.7894 3.69124 -0.00878068 0.0780485 -1.56351 0.41798 0.416185 1.84331
1.12252 30.9748 3.27856 0.0223921 0.0774839 -1.13808 0.523577 0.548629 1.58378
-6.98162 27.3457 2.4594 0.0273577 0.0700236 -1.04742 0.361439 0.343386 1.04382
-0.122909 44.844 4.52261 -0.0204918 0.0637584 -1.55191 0.399712 0.39606 2.29973
-11.5203 43.8318 3.98086 -0.0484132 0.0509769 -2.01656 0.431987 0.408807 1.5958
-0.86187 57.2596 4.23929 -0.0177577 0.062958 -1.63613 0.500075 0.515859 1.48294
-12.0356 53.7032 4.14192 -0.0432961 0.0488227 -2.13658 0.421256 0.408868 1.51624
-1.6082 68.4011 4.74017 -0.0195766 0.0620867 -1.63158 0.486814 0.492017 1.52916
-10.1098 64.5623 4.03042 0.0275575 0.0653036 -1.01262 0.348694 0.349489 0.99267
-12.7055 76.1852 5.12832 -0.0443683 0.0508209 -2.05939 0.436671 0.416868 1.48235
-2.43066 80.7063 5.98637 -0.0133785 0.0661954 -1.54033 0.41907 0.416883 2.20304
-5.6294 89.6836 6.01337 -0.011963 0.0661498 -1.51349 0.541782 0.506502 1.90705
-10.8247 98.1419 6.53928 -0.00563506 0.0706835 -1.40972 0.408951 0.409178 1.88978
-17.7511 92.3394 6.69785 0.0126229 0.066908 -1.05188 0.438555 0.435649 2.34298
-21.4587 82.7419 5.48224 0.0162941 0.0513329 -0.139024 0.286965 0.276801 1.22157
-31.4571 84.8078 6.37225 0.0141218 0.0661014 -0.0952648 0.423695 0.43016 1.48809
-39.2239 91.3159 6.59241 0.0177112 0.0620664 -0.133399 0.408643 0.405167 1.43174
-47.7745 90.7383 6.48248 0.0197446 0.0495942 -0.082442 0.394418 0.398961 1.36543
-54.2505 83.0517 6.68608 0.0114214 0.0552349 -0.108962 0.401411 0.396633 1.54496
-61.8651 89.9307 6.92099 0.0156017 0.0562262 -0.0893173 0.403281 0.404997 1.46107
-68.7046 82.0677 6.53178 0.0204128 0.0398188 0.176636 0.401744 0.40604 1.31164
-61.0417 77.2769 6.48817 0.0222 0.0306403 0.539752 0.397754 0.392427 1.65235
-50.8846 72.452 5.90245 -0.00956557 0.00480673 1.23183 0.269196 0.268658 1.25092
-60.4991 64.6703 6.12944 -0.00563287 0.0140312 1.65243 0.434168 0.434351 1.53023
-51.8091 63.9074 5.8858 -0.0173007 0.0104811 1.31596 0.443579 0.475757 1.42725
-60.0248 54.0314 6.51304 -0.00865056 0.0102994 1.59264 0.410795 0.412693 2.44308
-52.4013 47.2887 5.91988 -0.00402425 0.0128588 1.46529 0.41646 0.411231 2.09195
-51.65 36.3661 4.77305 -0.00171004 0.00798848 1.49704 0.394636 0.391855 1.54889
-61.6062 36.5378 4.86056 0.00619476 0.0146842 2.01769 0.476551 0.443179 1.67429
-54.996 26.3281 4.38173 3.14859e-05 0.00620667 1.81579 0.524796 0.568048 1.80117
-36.1405 37.2603 4.39925 -0.0560474 0.0187638 2.60786 0.399526 0.397131 1.41789
-35.4445 27.7886 3.81227 -0.0223552 0.0675402 -2.54141 0.489018 0.507161 1.47532
-26.8806 38.581 3.98205 -0.0440729 0.0623737 -2.96564 0.253636 0.309046 1.26105
-75.6753 76.5209 6.39879 -0.0277994 0.0731395 -0.910413 0.399102 0.395397 1.40982
-80.519 93.7842 7.55806 0.0770164 0.0182891 0.779335 0.495034 0.444484 1.62674
-85.3775 79.7252 6.43332 0.0568114 0.0603368 0.153202 0.240994 0.296214 1.22076
-90.096 90.0536 7.39059 0.0738563 0.0308338 0.557738 0.482075 0.509031 1.52054
-97.2009 80.4406 7.26312 0.0399993 0.0660663 -0.052285 0.395514 0.392587 1.64619
-105.03 87.2244 7.46696 0.0399643 0.0622749 -0.0313039 0.398454 0.397417 1.4898
-119.398 86.341 7.49777 0.0342912 0.0632887 0.012007 0.400472 0.401257 1.43104
-114.831 78.2257 6.30521 0.0402395 0.0531262 0.112415 0.410436 0.434381 1.06597
-124.155 76.0951 6.94091 0.0155597 0.0638592 -0.29034 0.450977 0.419476 1.53354
-127.647 86.2592 6.68993 0.0516772 -0.0316654 1.624 0.346754 0.333975 1.09641
-118.24 68.1711 6.37544 0.0097358 0.0222689 0.763022 0.406896 0.405447 1.49256
-125.323 60.7493 6.32098 0.00436143 0.00721738 1.46817 0.403912 0.401922 1.46567
-110.563 55.9055 5.86881 -0.00520165 0.00261931 1.59782 0.395067 0.38763 1.46229
-124.717 49.8808 5.72501 -0.00306039 0.00409155 1.66639 0.400298 0.400154 1.44835
-109.806 43.5866 5.11106 0.00216375 0.00223849 1.70517 0.381265 0.382809 1.334
-123.892 37.4786 5.12999 -0.000198154 0.00428353 1.61452 0.405224 0.405526 1.446
-116.248 32.3762 4.78947 0.00426847 -0.00767256 1.47326 0.395884 0.391588 1.61068
-123.035 24.8463 4.17737 0.00394877 0.000122958 1.47582 0.391264 0.385206 1.48503
-115.45 19.7373 4.24772 0.00788049 0.00283299 1.46769 0.400796 0.398633 1.61885
-114.721 7.31542 4.19666 0.000323199 -0.00858089 1.59491 0.394927 0.393183 2.333
-122.85 5.59487 2.47549 -0.0052139 -0.0035162 -3.1229 0.366939 0.384932 0.982916
-108.012 14.7602 3.83776 0.00155999 -0.00413932 0.881565 0.372528 0.365819 1.71416
-108.63 25.6505 3.98784 -0.0115055 0.00174385 2.03346 0.371194 0.371499 1.39844
-100.004 28.2493 4.74541 -0.0457456 0.0630241 -2.87343 0.511761 0.577443 1.82723
-98.8489 38.0118 4.68356 -0.0787988 0.0175354 2.71792 0.300813 0.293208 1.30582
-87.1097 26.785 4.46895 -0.0570588 0.0338068 -3.11536 0.529529 0.527617 1.79591
-80.2612 34.5057 4.68493 -0.0624622 0.0294826 3.09077 0.406034 0.406048 1.67436
-72.6432 27.6728 4.03015 -0.0606523 0.0288635 3.04698 0.401171 0.40015 1.48431
-71.1312 36.4338 4.0371 -0.0577777 0.0369153 3.1168 0.254893 0.305116 1.23321
-72.4043 91.3151 7.4344 0.0391027 0.0780542 -0.257771 0.503692 0.541331 1.73881
-140.908 85.0855 7.42898 0.038833 0.0556546 0.0291877 0.400751 0.397325 1.47452
-147.841 77.2389 7.00622 0.0326309 0.0617965 -0.0915285 0.398676 0.397918 1.45078
-162.814 83.631 7.3435 0.0425055 0.0523366 0.0377725 0.397916 0.39451 1.51644
-170.148 75.9075 6.6587 0.0490469 0.0433385 0.117188 0.392939 0.395469 1.52878
-178.148 82.8166 7.06444 0.043446 0.0496703 -0.00474085 0.400523 0.39389 1.48435
-185.008 75.0621 6.71008 0.0429302 0.0535236 -0.0359393 0.399313 0.398576 1.49268
-192.92 81.9487 7.15629 0.041986 0.0598854 -0.127768 0.406284 0.402862 1.50898
-200.029 74.1744 6.62103 0.0452944 0.0572278 -0.140462 0.388909 0.386817 1.50459
-208.049 81.0318 6.8773 0.0408869 0.0542713 -0.095562 0.40053 0.400535 1.47914
-214.839 73.3163 6.3791 0.0393782 0.0524722 -0.0991764 0.400505 0.40072 1.47331
-222.446 80.1919 6.3469 0.0419535 0.0503223 -0.0723573 0.396786 0.397552 1.45616
-225.634 72.2818 5.50907 0.0360295 0.0477342 -0.0778695 0.342261 0.327894 1.33512
-236.388 72.0883 5.9954 0.0390275 0.0481929 -0.0746031 0.40292 0.400021 1.47972
-251.13 78.5903 5.96919 0.0424248 0.0396846 0.0243648 0.407818 0.407978 1.47696
-258.012 70.8242 5.50034 0.0439766 0.0475187 -0.0375138 0.393116 0.39242 1.48274
-265.735 77.7345 5.71787 0.0395674 0.0478106 -0.0667107 0.407877 0.407201 1.52257
-272.48 69.9516 5.06837 0.0413738 0.04161 -0.0370989 0.40595 0.404638 1.49528
-286.938 76.475 4.961 0.0436657 0.0373545 0.0178568 0.408861 0.407709 1.49309
-288.345 67.7092 3.94512 0.044886 0.0291267 0.150219 0.260797 0.311531 1.27879
-295.419 76.0255 4.66793 0.0409114 0.040765 0.00858112 0.403922 0.402292 1.4383
-297.67 67.1428 3.60914 0.0476759 0.0310072 0.126759 0.253096 0.306171 1.2535
-309.333 68.2979 3.96972 0.0426276 0.0443556 -0.0593637 0.412701 0.413859 1.51135
-317.047 74.7733 4.53762 0.041532 0.0302456 -0.051935 0.400616 0.398435 2.2076
-324.1 67.4038 3.07121 0.0387257 0.0320773 -0.11058 0.406443 0.404986 1.6147
-330.153 75.8528 3.32171 0.0505667 0.00271465 0.537301 0.469521 0.485479 1.62498
-330.878 61.3689 2.80224 0.0464432 0.0187656 0.262741 0.39279 0.396796 1.84037
-320.401 52.938 2.1067 -0.00979665 -0.0106177 0.714373 0.44979 0.423866 1.52899
-330.375 49.1227 2.1077 -0.0287825 0.00247522 1.36843 0.419027 0.412808 1.71204
-329.76 38.0381 1.50686 -0.0290417 0.00741437 1.55088 0.410611 0.405453 1.67787
-320.54 38.4061 1.37832 -0.032083 0.000525078 1.25971 0.477797 0.507834 1.4484
-328.978 25.631 0.931702 -0.0269648 0.00631 1.56115 0.395251 0.393086 1.75312
-319.013 26.207 0.858951 -0.0279245 -0.00162311 1.23354 0.42042 0.39363 1.59898
-321.173 13.3545 1.01626 -0.0329045 0.00764213 1.59446 0.40258 0.399556 2.26815
-331.887 12.3983 -0.284282 -0.0180752 0.0242346 2.2824 0.430104 0.40295 1.50112
-311.4 12.1651 0.798552 -0.0677937 0.0564276 2.45263 0.589382 0.532396 1.91143
-307.118 20.8372 1.05427 -0.070779 0.0548096 2.40432 0.398038 0.397308 1.64012
-300.146 10.5448 0.204589 0.0580339 0.0726297 -1.91346 0.301897 0.297668 1.2253
-292.627 21.5463 1.42285 -0.0486709 0.0791232 3.11905 0.384373 0.380826 1.43323
-284.26 21.9799 1.75081 -0.0434833 0.0808779 -3.13539 0.391169 0.392415 1.44509
-276.765 15.3397 1.76243 -0.0556783 0.0777174 3.01539 0.392948 0.392002 1.44143
-262.991 23.0006 2.67981 -0.0540115 0.0818456 3.10194 0.4028 0.401126 1.55667
-255.286 16.53 3.04273 -0.0562019 0.0784662 3.04497 0.41696 0.410691 1.96941
-248.333 23.9008 3.19373 -0.0567539 0.072675 3.03852 0.402796 0.400586 1.65406
-241.037 30.0247 3.41534 -0.0928358 0.0264995 2.49637 0.37608 0.371873 1.49254
-236.823 14.9053 2.38583 0.0697351 0.0771715 -1.67697 0.278856 0.272176 1.27406
-251.696 38.0915 3.53371 -0.0469312 0.0898188 -2.35237 0.435828 0.42285 1.51068
-241.8 42.2902 4.23682 0.00875366 0.106284 -1.77589 0.412408 0.407154 1.5091
-252.711 47.5326 4.0737 -0.0173925 0.0989988 -2.01256 0.419874 0.398511 1.60277
-242.381 53.216 4.65567 0.0230811 0.0944203 -1.61767 0.404171 0.399298 1.51388
-253.389 58.7144 4.47287 -0.0166078 0.0937227 -1.99648 0.445646 0.407672 1.50183
-240.411 82.5998 5.52465 0.0797139 -0.00582608 -0.198296 0.307584 0.285923 1.21549
-246.143 15.8715 1.73157 0.0768523 0.0702036 -1.56835 0.352434 0.367538 0.975446
